11.6759041857
16.279799257
35.5251132632
33.4383246814
40.5375790446
65.6631053884
64.6360873718
44.5890998178
26.6984242021
23.1260484214
32.2918013392
21.231814558
17.4973307908
-0.396548645851
-5.20587599698
-6.07039300519
4.11775642356
4.39428135493
5.32563715898
9.50244252014
5.43570398668
31.6368575828
48.5286630386
48.5730733933
54.4042703638
57.5437551283
57.6446995201
14.7431263689
15.8362436369
76.1647449715
74.210357812
74.6294270173
6.90369723788
-4.75971323413
-0.144864651877
48.550851077
43.3767975594
41.2336980609
42.5648173871
131.63347194
117.24952378
95.6905724947
104.478168323
66.5003148565
12.4732158784
12.6428968628
8.0641516814
11.5252334395
9.45575040535
0.516093816339
-1.91009507587
-1.37603928084
1.75967563303
4.03594263942
0.0987679244905
2.01105408731
1.49019562464
24.7327633282
5.55735026189
5.46545555489
4.0031743414
4.29724580924
5.70140874152
79.4198929009
90.5883039224
91.0517282515
86.2582548693
80.8880555605
76.6346144087
73.9896592345
17.5495143769
16.2694145203
30.6536588668
60.6274519573
26.7210813376
25.3719315594
27.4575693562
12.3372245793
19.3917609815
11.3971931924
32.8415360556
40.4259155751
33.0654725307
23.0688527418
-0.535956433353
-3.02480581903
26.1784319423
29.0956628982
7.40055796894
5.00779360012
35.3540271192
14.5904779697
9.73101978487
15.2502031958
86.8611996385
87.5836952442
94.9252480582
79.1788499484
75.5071467671
79.5393078196
5.1579535919
14.3662792885
14.0685609263
28.8734941297
29.3824626522
35.3867375572
57.1502145489
48.7397890458
116.808847269
117.490330443
94.5858572447
11.0572562276
14.9044947344
81.0914638354
50.2818391679
25.5391029109
26.82216247
29.896478331
17.3075322182
-3.81203906353
35.2582024577
11.6451683457
39.9928021685
312.541339574
313.513732483
145.155664591
106.15115842
114.020950555
110.276290668
109.481044125
105.744608329
352.64317727
52.6477982009
16.4435456994
225.983668418
140.835501523
185.778704237
56.9534065526
37.7960289383
15.8804814075
27.5655575711
31.2001694971
1.51449854429
0.91455103181
13.570264281
12.0414494558
19.0579702535
18.2512300101
37.8268518977
27.2320294891
26.3921716166
26.0771216464
17.7395036871
-3.30170844568
10.8319240704
48.6280528997
25.7830691961
7.8333490359
1.4431835678
22.6252213407
17.3556910404
28.2483629331
39.9496885629
52.7765278165
36.7736883871
42.7558819145
38.5116916201
70.489456455
62.696679641
12.5830885828
21.9435170981
28.2882542528
18.7055468306
20.9502265746
14.3454331796
25.8785022877
24.626827292
12.3035101767
30.7879939069
42.1996703902
38.8731592787
42.3529509707
33.4980053445
31.9551083585
30.8943614215
37.2276490459
24.8055136505
17.0291639413
5.89020424131
20.9968696415
49.7508922942
41.6151744201
16.645434552
8.60756323183
6.2463230073
121.027125382
36.2321131101
39.2661028634
40.1194925266
82.0337048614
39.4840018024
37.0584168
37.224645101
36.9144907764
40.0231917658
28.2500018973
28.3230809687
34.2139805439
26.84630636
26.255553723
25.0140656134
22.8674898704
64.04857943
27.1764323369
56.460816574
55.5254980773
39.0096164908
25.7459547461
41.2005927053
38.8617022487
49.3151448826
67.0296403448
66.8131986024
78.6193900118
31.5011376616
51.6760672601
49.4010329681
50.0316453587
10.9599316905
6.72847241492
133.750307868
-2.67653846039
-4.27549071147
11.0119128071
33.3765572176
32.9080901229
18.9707310622
30.0716781906
29.033123778
30.9918135216
15.5922390867
24.3453084461
56.5908158258
41.3653438852
39.2817382507
23.4185157223
23.4846833525
53.5710593433
53.1817116764
38.8782482848
40.5112997236
43.6147339867
90.2774178541
94.1543703329
104.211333024
9.65135617872
1.91727961168
2.93938598437
12.9997600308
14.1209880171
1.34531209654
-14.6802065714
-9.88393725487
67.2925960049
8.95414449659
11.1187015442
7.83653133534
24.6953057527
39.9400256122
-4.91362257051
66.5166435784
88.2346291045
96.9101498663
94.9388343979
99.3351981652
101.138614179
49.6107958791
38.4542762108
36.5774236857
45.1601154093
42.1665834588
31.3765229038
32.821635789
53.3481137045
136.297394039
138.634419232
96.6771663002
7.08931316368
2.90364775826
3.80989856544
74.3956438499
145.225405338
130.817459984
59.4521414789
54.672481787
9.48890663051
2.34217693655
3.74444650001
0.665664968494
90.4718349984
97.9242357115
94.7605462433
94.2745719291
103.50068131
214.523336232
152.101931419
26.8653639742
62.2113711045
27.1247107606
35.8606429001
14.6908021212
19.128427668
21.9845997462
20.158562125
22.9064034445
29.8675793224
33.906824331
24.6465448492
21.6821489984
15.8521775185
22.2221910735
20.9883050859
4.63003172152
66.5690817939
67.2138412211
87.1640779104
80.2196355004
80.5935785351
80.5262767783
69.1148613612
54.7559286584
44.301681218
42.4754974529
36.1785910434
35.4746214001
44.7900902583
11.8460033093
19.9359026102
19.7533671357
18.8390981283
18.856202914
27.7758772869
19.738738429
31.6433981775
31.7625146131
32.7510649741
16.2274422935
16.9351078941
8.77930185419
32.7909850691
157.602028787
157.485619584
167.327193086
167.368790328
182.50465098
169.922156189
148.455813582
153.747100759
31.5091589463
158.294845436
153.673658283
165.380974802
37.2055648408
37.4942263092
30.7463436619
37.3814716725
40.9371904465
50.266894585
51.9497762459
37.830354799
39.8398454187
27.4425319261
16.2366746541
14.6974352775
21.2200395321
0.832279396682
34.9298158739
37.5078106688
32.7092842314
18.7590811191
3.30379562797
81.1939074861
5.40492545929
7.03618222507
20.9398346435
26.4205935707
34.2255749789
32.1535656172
35.8183411063
30.798359189
16.7014419795
-2.43704012031
4.29230096411
12.2469965491
10.7734843793
5.4461939571
1.42801664446
-9.56722879699
7.15173515781
